[cam_principale]
fc1=10731.6
fc2=10731.8
cc1=1257.89
cc2=1010.97
kc1=-0.0449469
kc2=1.2968
kc3=0.000686857
kc4=0.000534226
kc5=0
alphac=0
[cam_secondaire]
fc1=10776.4
fc2=10781
cc1=1223.65
cc2=997.056
kc1=-0.0388554
kc2=0.702762
kc3=0
kc4=0
kc5=0
alphac=0
[calib_stereo]
Ts1_12=307.603
Ts2_12=0.932237
Ts3_12=77.9891
oms1_12=0.00145151
oms2_12=-0.529588
oms3_12=0.00123265
Rs11_12=0.863015
Rs12_12=-0.00155128
Rs13_12=-0.505176
Rs21_12=0.000800376
Rs22_12=0.999998
Rs23_12=-0.00170345
Rs31_12=0.505178
Rs32_12=0.00106577
Rs33_12=0.863014